ns            = 3

sigma(1)      = 3.1666
eps6(1)       = 78.2083543
eps12(1)      = 78.2084
rho(1)        = 0.033314
charge(1)     = -0.8476

sigma(2)      = 0.4
eps6(2)       = 0
eps12(2)      = 23.1505
rho(2)        = 0.033314
charge(2)     = 0.4238

sigma(3)      = 0.4
eps6(3)       = 0
eps12(3)      = 23.1505
rho(3)        = 0.033314
charge(3)     = 0.4238

dis(1, 2)     = 1.0
dis(1, 3)     = 1.0
dis(2, 3)     = 1.633

T             = 300
kBT           = 1
kBU           = KBNA
ljtype        = LJ-full
ampch         = KE2PK
rscreen       = 1.0
closure       = HNC
rmax          = 20.48
npt           = 1024
nlambdas      = 10
itmax         = 100000
tol           = 1e-7
solver        = MDIIS
picard_damp   = 0.01
lmv_damp      = 0.5
lmv_M         = 25
mdiis_damp    = 0.5
mdiis_nbases  = 5

