ns            = 3

sigma(1)      = 3.166
eps(1)        = 78.21
rho(1)        = 0.03334
charge(1)     = -0.8476

sigma(2)      = 0.4
eps6(2)       = 0
eps12(2)      = 23.15
rho(2)        = 0.03334
charge(2)     = 0.4234

sigma(3)      = 0.4
eps6(3)       = 0
eps12(3)      = 23.15
rho(3)        = 0.03334
charge(3)     = 0.4234

dis(1, 2)     = 1
dis(1, 3)     = 1
dis(2, 3)     = 1.633

T             = 300
kBT           = 1
kBU           = KBNA
ljtype        = LJ-full
ampch         = KE2PK
rscreen       = 1
closure       = HNC
rmax          = 10.24
npt           = 1024
nlambdas      = 10
itmax         = 100000
tol           = 1e-7
solver        = LMV
picard_damp   = 0.01
lmv_damp      = 0.2
lmv_M         = 10
mdiis_damp    = 0.5
mdiis_nbases  = 5

