# Neutral C2 in TIPS water, model III of
# The potential of mean force between polyatomic molecular in polar
# molecular solvents
# B. Montgomery Pettit and Martin Karplus
# J. Chem. Phys. 83(2), 781-789 (1985)

ns            = 5

sigma(1)      = 3.215
eps(1)        = 0.1188
rho(1)        = 0.03334
charge(1)     = -0.8

sigma(2)      = 0.4
eps6(2)       = 0.0
eps12(2)      = 0.01 # arbitrary
rho(2)        = 0.03334
charge(2)     = 0.4

sigma(3)      = 0.4
eps6(3)       = 0.0
eps12(3)      = 0.01 # arbitrary
rho(3)        = 0.03334
charge(3)     = 0.4

sigma(4)      = 3.2
eps(4)        = 0.08923823 # 6.2e-15 erg
rho(4)        = 0
charge(4)     = 0

sigma(5)      = 3.2
eps(5)        = 0.08923823 # 6.2e-15 erg
rho(5)        = 0
charge(5)     = 0

c6ij(1, 1)    = -525
c12ij(1, 1)   = 580000

c12ij(1, 2)   = 225.18
c12ij(1, 3)   = 225.18

c12ij(2, 2)   = 1e-30
c12ij(2, 3)   = 1e-30
c12ij(3, 3)   = 1e-30

dis(1, 2)     = 0.9572
dis(1, 3)     = 0.9572
dis(2, 3)     = 1.5139

dis(4, 5)     = 1.54

T             = 300
kBT           = KBNAC
kBU           = 1
ljtype        = LJ-full
ampch         = KE2NAC
rscreen       = 1
closure       = HNC
rmax          = 20.48
npt           = 1024
nlambdas      = 10
itmax         = 1000
tol           = 1e-7
solver        = MDIIS
picard_damp   = 0.01
lmv_damp      = 0.25
lmv_M         = 12
mdiis_damp    = 0.5
mdiis_nbases  = 10

